\begin{table}[H]
\centering
\caption{Matrice de Correlation}
\label{tab:corr_matrix}
\begin{tabular}{l|rrrrrrrrrrr}
\hline
Variable & log.price & sqft & beds & baths & floors & wf & year & lat & long & view & cond & grade \\ 
\hline
log_price & 1 & 0.636 & -0.024 & -0.026 & 0.015 & 0.149 & 0.101 & 0.024 & -0.009 & -0.019 & 0.01 & 0.527 \\
sqft_living & 0.636 & 1 & -0.021 & -0.02 & 0.003 & -0.02 & 0.027 & 0.006 & -0.005 & -0.057 & 0.013 & -0.02 \\
bedrooms & -0.024 & -0.021 & 1 & -0.002 & -0.02 & -0.001 & -0.035 & 0.008 & 0.039 & -0.008 & 0.022 & -0.018 \\
bathrooms & -0.026 & -0.02 & -0.002 & 1 & 0.014 & -0.01 & 0.015 & -0.007 & -0.005 & 0.019 & 0.019 & -0.022 \\
floors & 0.015 & 0.003 & -0.02 & 0.014 & 1 & 0.015 & 0.02 & 0.008 & -0.033 & -0.003 & 0.007 & 0.02 \\
waterfront & 0.149 & -0.02 & -0.001 & -0.01 & 0.015 & 1 & 0 & 0.014 & 0.022 & 0.012 & 0.016 & -0.022 \\
yr_built & 0.101 & 0.027 & -0.035 & 0.015 & 0.02 & 0 & 1 & 0.028 & 0.001 & 0.013 & -0.017 & 0.026 \\
lat & 0.024 & 0.006 & 0.008 & -0.007 & 0.008 & 0.014 & 0.028 & 1 & -0.005 & -0.029 & 0.024 & 0.026 \\
long & -0.009 & -0.005 & 0.039 & -0.005 & -0.033 & 0.022 & 0.001 & -0.005 & 1 & 0.023 & 0.022 & 0.013 \\
view & -0.019 & -0.057 & -0.008 & 0.019 & -0.003 & 0.012 & 0.013 & -0.029 & 0.023 & 1 & -0.003 & 0 \\
condition & 0.01 & 0.013 & 0.022 & 0.019 & 0.007 & 0.016 & -0.017 & 0.024 & 0.022 & -0.003 & 1 & -0.003 \\
grade & 0.527 & -0.02 & -0.018 & -0.022 & 0.02 & -0.022 & 0.026 & 0.026 & 0.013 & 0 & -0.003 & 1 \\
\hline
\end{tabular}
\end{table}
